mepid,name,result,eugroup,identifier,vote_id
7217,Riba i Giner,for,Greens/EFA,139625,7217
6529,Reintke,for,Greens/EFA,139625,6529
6963,Peter-Hansen,for,Greens/EFA,139625,6963
6932,Peksa,for,Greens/EFA,139625,6932
6482,Pedicini,for,Greens/EFA,139625,6482
6863,Paulus,for,Greens/EFA,139625,6863
7240,O'Sullivan,for,Greens/EFA,139625,7240
7187,Niinistö,for,Greens/EFA,139625,7187
6862,Nienaß,for,Greens/EFA,139625,6862
6861,Neumann,for,Greens/EFA,139625,6861
6776,Metz,for,Greens/EFA,139625,6776
6859,Marquardt,for,Greens/EFA,139625,6859
6858,Langensiepen,for,Greens/EFA,139625,6858
5838,Lamberts,for,Greens/EFA,139625,5838
6857,Lagodinsky,for,Greens/EFA,139625,6857
6795,Kuhnke,for,Greens/EFA,139625,6795
6939,Kolaja,for,Greens/EFA,139625,6939
5908,Keller Ska,for,Greens/EFA,139625,5908
7220,Jakeliūnas,for,Greens/EFA,139625,7220
5914,Jadot,for,Greens/EFA,139625,5914
6797,Holmgren,for,Greens/EFA,139625,6797
6856,Herzberger-Fofana,for,Greens/EFA,139625,6856
4535,Hautala,for,Greens/EFA,139625,4535
5926,Häusling,for,Greens/EFA,139625,5926
6854,Hahn Henrike,for,Greens/EFA,139625,6854
7034,Guerreiro,for,Greens/EFA,139625,7034
7274,Gruffat,for,Greens/EFA,139625,7274
6942,Gregorová,for,Greens/EFA,139625,6942
6853,Geese,for,Greens/EFA,139625,6853
7294,Gallée,for,Greens/EFA,139625,7294
6851,Freund,for,Greens/EFA,139625,6851
6775,Franz,for,Greens/EFA,139625,6775
6413,Evi,for,Greens/EFA,139625,6413
5899,Eickhout,for,Greens/EFA,139625,5899
6850,Deparnay-Grunenberg,for,Greens/EFA,139625,6850
6040,Delli,for,Greens/EFA,139625,6040
6924,Delbos-Corfield,for,Greens/EFA,139625,6924
6472,D'Amato,for,Greens/EFA,139625,6472
6730,Dalunde,for,Greens/EFA,139625,6730
7043,Cuffe,for,Greens/EFA,139625,7043
6494,Corrao,for,Greens/EFA,139625,6494
6897,Cormand,for,Greens/EFA,139625,6897
6847,Cavazzini,for,Greens/EFA,139625,6847
6964,Carême,for,Greens/EFA,139625,6964
5913,Bütikofer,for,Greens/EFA,139625,5913
6867,Bricmont,for,Greens/EFA,139625,6867
6829,Breyer,for,Greens/EFA,139625,6829
6837,Boeselager,for,Greens/EFA,139625,6837
6846,Bloss,for,Greens/EFA,139625,6846
6905,Biteau,for,Greens/EFA,139625,6905
5291,Auken,for,Greens/EFA,139625,5291
6845,Andresen,for,Greens/EFA,139625,6845
5924,Alfonsi,for,Greens/EFA,139625,5924
7263,Alametsä,for,Greens/EFA,139625,7263
7202,Wallace,for,GUE/NGL,139625,7202
6961,Villumsen,for,GUE/NGL,139625,6961
7212,Villanueva Ruiz,for,GUE/NGL,139625,7212
6715,Urbán Crespo,for,GUE/NGL,139625,6715
5837,Scholz,for,GUE/NGL,139625,5837
6758,Schirdewan,for,GUE/NGL,139625,6758
7169,Rodríguez Palop,for,GUE/NGL,139625,7169
7069,Rego,for,GUE/NGL,139625,7069
7213,Pineda,for,GUE/NGL,139625,7213
6727,Pimenta Lopes,for,GUE/NGL,139625,6727
7138,Pereira Sandra,for,GUE/NGL,139625,7138
6920,Pelletier,for,GUE/NGL,139625,6920
5596,Papadimoulis,for,GUE/NGL,139625,5596
6250,Omarjee,for,GUE/NGL,139625,6250
7190,Modig,for,GUE/NGL,139625,7190
6310,Michels,for,GUE/NGL,139625,6310
6354,Maurel,for,GUE/NGL,139625,6354
5992,Matias,for,GUE/NGL,139625,5992
7279,MacManus,for,GUE/NGL,139625,7279
7087,Kountoura,for,GUE/NGL,139625,7087
6713,Kouloglou,for,GUE/NGL,139625,6713
5039,Konečná,for,GUE/NGL,139625,5039
7126,Kokkalis,for,GUE/NGL,139625,7126
6814,Kizilyürek,for,GUE/NGL,139625,6814
6628,Hazekamp,for,GUE/NGL,139625,6628
7133,Gusmão,for,GUE/NGL,139625,7133
7204,Georgoulis,for,GUE/NGL,139625,7204
6815,Georgiou,for,GUE/NGL,139625,6815
6597,Flanagan,for,GUE/NGL,139625,6597
6024,Ernst,for,GUE/NGL,139625,6024
6865,Demirel,for,GUE/NGL,139625,6865
7113,Daly,for,GUE/NGL,139625,7113
6922,Chaibi,for,GUE/NGL,139625,6922
6873,Botenga,for,GUE/NGL,139625,6873
6914,Bompard,for,GUE/NGL,139625,6914
6604,Björk,for,GUE/NGL,139625,6604
7072,Barrena Arza,for,GUE/NGL,139625,7072
6926,Aubry,for,GUE/NGL,139625,6926
7089,Arvanitis,for,GUE/NGL,139625,7089
6373,Zorrinho,for,S&D,139625,6373
7225,Yoncheva,for,S&D,139625,7225
7249,Wolters,for,S&D,139625,7249
6735,Wölken,for,S&D,139625,6735
7066,Vollath,for,S&D,139625,7066
7227,Vitanov,for,S&D,139625,7227
7251,Vind,for,S&D,139625,7251
4990,Van Brempt,for,S&D,139625,4990
7195,Ušakovs,for,S&D,139625,7195
6336,Ujhelyi,for,S&D,139625,6336
7247,Tudose,for,S&D,139625,7247
5459,Toia,for,S&D,139625,5459
6983,Tinagli,for,S&D,139625,6983
7140,Tax,for,S&D,139625,7140
5624,Tarabella,for,S&D,139625,5624
6623,Tang,for,S&D,139625,6623
6490,Stanishev,for,S&D,139625,6490
7176,Smeriglio,for,S&D,139625,7176
6093,Sippel,for,S&D,139625,6093
6381,Silva Pereira,for,S&D,139625,6381
7065,Sidl,for,S&D,139625,7065
6475,Schuster,for,S&D,139625,6475
7059,Schieder,for,S&D,139625,7059
5713,Schaldemose,for,S&D,139625,5713
7039,Santos,for,S&D,139625,7039
6415,Sant,for,S&D,139625,6415
7110,Sánchez Amor,for,S&D,139625,7110
7128,Ruiz Devesa,for,S&D,139625,7128
7269,Ros Sempere,for,S&D,139625,7269
6974,Rónai,for,S&D,139625,6974
6649,Rodríguez-Piñero,for,S&D,139625,6649
7186,Roberti,for,S&D,139625,7186
7288,Reuten,for,S&D,139625,7288
7296,Repasi,for,S&D,139625,7296
6136,Regner,for,S&D,139625,6136
5731,Plumb,for,S&D,139625,5731
7114,Pizarro,for,S&D,139625,7114
6982,Pisapia,for,S&D,139625,6982
6261,Picula,for,S&D,139625,6261
6484,Picierno,for,S&D,139625,6484
7228,Penkova,for,S&D,139625,7228
6323,Papadakis Demetris,for,S&D,139625,6323
7221,Olekas,for,S&D,139625,7221
6473,Noichl,for,S&D,139625,6473
6418,Nica,for,S&D,139625,6418
6691,Negrescu,for,S&D,139625,6691
6433,Moretti,for,S&D,139625,6433
5466,Moreno Sánchez,for,S&D,139625,5466
6351,Molnár,for,S&D,139625,6351
6933,Miller,for,S&D,139625,6933
6890,Mikser,for,S&D,139625,6890
7272,Mebarek,for,S&D,139625,7272
6915,Maxová,for,S&D,139625,6915
6322,Mavrides,for,S&D,139625,6322
6839,Matić,for,S&D,139625,6839
7023,Marques Pedro,for,S&D,139625,7023
7027,Marques Margarida,for,S&D,139625,7027
7042,Manda,for,S&D,139625,7042
7117,Maldonado López,for,S&D,139625,7117
6984,Majorino,for,S&D,139625,6984
7107,Maestre Martín De Almagro,for,S&D,139625,7107
7109,Luena,for,S&D,139625,7109
7292,Lucke,for,S&D,139625,7292
5984,López Aguilar,for,S&D,139625,5984
6648,López,for,S&D,139625,6648
5094,Liberadzki,for,S&D,139625,5094
7024,Leitão-Marques,for,S&D,139625,7024
7297,Laureti,for,S&D,139625,7297
7086,Larrouturou,for,S&D,139625,7086
3823,Lange,for,S&D,139625,3823
7085,Lalucq,for,S&D,139625,7085
6367,Kumpula-Natri,for,S&D,139625,6367
3761,Krehl,for,S&D,139625,3761
6459,Köster,for,S&D,139625,6459
6916,Kohut,for,S&D,139625,6916
6009,Kammerevert,for,S&D,139625,6009
6884,Kaljurand,for,S&D,139625,6884
6686,Kaili,for,S&D,139625,6686
6624,Jongerius,for,S&D,139625,6624
6263,Jerković,for,S&D,139625,6263
6792,Incir,for,S&D,139625,6792
7229,Hristov,for,S&D,139625,7229
7122,Homs Ginel,for,S&D,139625,7122
7185,Heinäluoma,for,S&D,139625,7185
7070,Heide,for,S&D,139625,7070
7146,Hajšel,for,S&D,139625,7146
6603,Guteland,for,S&D,139625,6603
6107,Guillaume,for,S&D,139625,6107
7009,Gualmini,for,S&D,139625,7009
6419,Grapini,for,S&D,139625,6419
7106,González Casares,for,S&D,139625,7106
7111,González,for,S&D,139625,7111
7082,Glucksmann,for,S&D,139625,7082
6005,Geier,for,S&D,139625,6005
6130,Gardiazabal Rubial,for,S&D,139625,6130
5417,García Pérez,for,S&D,139625,5417
7125,García Muñoz,for,S&D,139625,7125
7105,García Del Blanco,for,S&D,139625,7105
7090,Gálvez Muñoz,for,S&D,139625,7090
6955,Fuglsang,for,S&D,139625,6955
6791,Fritzon,for,S&D,139625,6791
6770,Ferrandino,for,S&D,139625,6770
6652,Fernández,for,S&D,139625,6652
6080,Fajon,for,S&D,139625,6080
6014,Ertug,for,S&D,139625,6014
7282,Engerer,for,S&D,139625,7282
7248,Durá Ferrandis,for,S&D,139625,7248
6969,Dobrev,for,S&D,139625,6969
6062,De Castro,for,S&D,139625,6062
7293,De Basso,for,S&D,139625,7293
6794,Cutajar,for,S&D,139625,6794
5661,Crețu,for,S&D,139625,5661
6051,Cozzolino,for,S&D,139625,6051
7046,Ciuhodaru,for,S&D,139625,7046
6901,Cimoszewicz,for,S&D,139625,6901
6499,Chinnici,for,S&D,139625,6499
7166,Chahim,for,S&D,139625,7166
7030,Cerdas,for,S&D,139625,7030
7252,Carvalhais,for,S&D,139625,7252
6838,Burkhardt,for,S&D,139625,6838
4690,Bullmann,for,S&D,139625,4690
6843,Brglez,for,S&D,139625,6843
6264,Borzan,for,S&D,139625,6264
6614,Nart,for,Renew,139625,6614
6760,Nagtegaal,for,Renew,139625,6760
6500,Müller,for,Renew,139625,6500
7285,Mituța,for,Renew,139625,7285
6690,Mihaylova,for,Renew,139625,6690
5889,Løkkegaard,for,Renew,139625,5889
6887,Loiseau,for,Renew,139625,6887
6504,Kyuchyuk,for,Renew,139625,6504
6917,Kovařík,for,Renew,139625,6917
6842,Körner,for,Renew,139625,6842
6921,Knotek,for,Renew,139625,6921
5021,Keller Fabienne,for,Renew,139625,5021
7203,Kelleher,for,Renew,139625,7203
6766,Katainen,for,Renew,139625,6766
6800,Karlsbro,for,Renew,139625,6800
6975,Karleskind,for,Renew,139625,6975
6844,Joveva,for,Renew,139625,6844
5385,in 't Veld,for,Renew,139625,5385
7014,Ijabs,for,Renew,139625,7014
6622,Huitema,for,Renew,139625,6622
7154,Hojsík,for,Renew,139625,7154
6919,Hlaváček,for,Renew,139625,6919
6959,Hayer,for,Renew,139625,6959
6841,Hahn Svenja,for,Renew,139625,6841
6936,Guetta,for,Renew,139625,6936
6950,Grudler,for,Renew,139625,6950
6849,Grošelj,for,Renew,139625,6849
7164,Groothuis,for,Renew,139625,7164
7273,Gozi,for,Renew,139625,7273
1793,Goerens,for,Renew,139625,1793
6840,Glück,for,Renew,139625,6840
7283,Gheorghe,for,Renew,139625,7283
6947,Garicano,for,Renew,139625,6947
7022,Gamon,for,Renew,139625,7022
6948,Gade,for,Renew,139625,6948
6818,Flego,for,Renew,139625,6818
6980,Farreng,for,Renew,139625,6980
6828,Eroglu,for,Renew,139625,6828
7150,Ďuriš Nicholsonová,for,Renew,139625,7150
6324,Durand,for,Renew,139625,6324
6987,Donáth,for,Renew,139625,6987
6340,Dlabajová,for,Renew,139625,6340
6898,Decerle,for,Renew,139625,6898
6458,Danti,for,Renew,139625,6458
7242,Sinčić,abstention,NA,139625,7242
6676,Papadakis Kostas,abstention,NA,139625,6676
7116,Nikolaou-Alavanos,abstention,NA,139625,7116
6836,Kolakušić,abstention,NA,139625,6836
6886,Madison,abstention,ID,139625,6886
6986,Huhtasaari,abstention,ID,139625,6986
6989,Hakkarainen,abstention,ID,139625,6989
7151,Jurzyca,abstention,ECR,139625,7151
7147,Uhrík,against,NA,139625,7147
6610,Vilimsky,against,ID,139625,6610
7234,Vandendriessche,against,ID,139625,7234
6627,Mayer,against,ID,139625,6627
7246,Haider,against,ID,139625,7246
6630,de Graaff,against,ID,139625,6630
6869,De Man,against,ID,139625,6869
6949,David,against,ID,139625,6949
6593,Annemans,against,ID,139625,6593
7216,Tertsch,against,ECR,139625,7216
7097,Roos,against,ECR,139625,7097
7278,Rookmaker,against,NA,139625,7278
7160,Rooken,against,ECR,139625,7160
7289,Hoogeveen,against,ECR,139625,7289
7270,de la Pisa Carrión,against,ECR,139625,7270
7214,Buxadé Villalba,against,ECR,139625,7214
7244,Aguilar,against,ECR,139625,7244
5602,Ždanoka,for,Greens/EFA,139625,5602
6904,Yenbou,for,Greens/EFA,139625,6904
7064,Wiener,for,Greens/EFA,139625,7064
6757,Waitz,for,Greens/EFA,139625,6757
6848,Von Cramon-Taubadel,for,Greens/EFA,139625,6848
7237,Van Sparrentak,for,Greens/EFA,139625,7237
6551,Vana,for,Greens/EFA,139625,6551
6591,Urtasun,for,Greens/EFA,139625,6591
6894,Toussaint,for,Greens/EFA,139625,6894
7156,Strik,for,Greens/EFA,139625,7156
6943,Spurek,for,Greens/EFA,139625,6943
6738,Solé,for,Greens/EFA,139625,6738
6822,Semsrott,for,Greens/EFA,139625,6822
6893,Satouri,for,Greens/EFA,139625,6893
6694,Ropė,for,Greens/EFA,139625,6694
6900,Roose,for,Greens/EFA,139625,6900
5917,Rivasi,for,Greens/EFA,139625,5917
7280,Ripa,for,Greens/EFA,139625,7280
6978,Cseh,for,Renew,139625,6978
7021,Cioloş,for,Renew,139625,7021
7271,Cicurel,for,Renew,139625,7271
6951,Christensen,for,Renew,139625,6951
6860,Chastel,for,Renew,139625,6860
6339,Charanzová,for,Renew,139625,6339
6899,Chabaud,for,Renew,139625,6899
5891,Canfin,for,Renew,139625,5891
6973,Cañas,for,Renew,139625,6973
7008,Calenda,for,S&D,139625,7008
6966,Brunet,for,Renew,139625,6966
6967,Boyer,for,Renew,139625,6967
7057,Botoş,for,Renew,139625,7057
6089,Bilbao Barandica,for,Renew,139625,6089
6944,Bijoux,for,Renew,139625,6944
6835,Beer,for,Renew,139625,6835
7163,Bauzá Díaz,for,Renew,139625,7163
7165,Azmani,for,Renew,139625,7165
6400,Auštrevičius,for,Renew,139625,6400
6327,Ansip,for,Renew,139625,6327
7260,Andrews,for,Renew,139625,7260
6799,Al-Sahlani,for,Renew,139625,6799
7230,Alieva-Veli,for,Renew,139625,7230
6094,Zver,for,EPP,139625,6094
6734,Zovko,for,EPP,139625,6734
7012,Zoido Álvarez,for,EPP,139625,7012
6344,Zdechovský,for,EPP,139625,6344
6997,Zarzalejos,for,EPP,139625,6997
6665,Zagorakis,for,EPP,139625,6665
6820,Wiseler-Lima,for,EPP,139625,6820
7041,Winzig,for,EPP,139625,7041
5782,Winkler,for,EPP,139625,5782
4643,Wieland,for,EPP,139625,4643
6908,Weiss,for,EPP,139625,6908
5351,Weber,for,EPP,139625,5351
6804,Warborn,for,EPP,139625,6804
6827,Walsmann,for,EPP,139625,6827
7233,Walsh,for,EPP,139625,7233
7183,Vuolo,for,EPP,139625,7183
6664,Vozemberg-Vrionidi,for,EPP,139625,6664
5934,Voss,for,EPP,139625,5934
6356,Virkkunen,for,EPP,139625,6356
7062,Vincze,for,EPP,139625,7062
5930,Verheyen,for,EPP,139625,5930
6706,Vandenkendelaere,for,EPP,139625,6706
5600,Vaidere,for,EPP,139625,5600
6681,Tomc,for,EPP,139625,6681
7061,Tomac,for,EPP,139625,7061
6801,Tobé,for,EPP,139625,6801
7056,Thaler,for,EPP,139625,7056
7277,Terras,for,EPP,139625,7277
4482,Tajani,for,EPP,139625,4482
6547,Štefanec,for,EPP,139625,6547
6663,Spyraki,for,EPP,139625,6663
6816,Sokol,for,EPP,139625,6816
6341,Šojdrová,for,EPP,139625,6341
6790,Skyttedal,for,EPP,139625,6790
6824,Simon,for,EPP,139625,6824
6941,Sikorski,for,EPP,139625,6941
6823,Seekatz,for,EPP,139625,6823
5345,Schwab,for,EPP,139625,5345
6636,Schreijer-Pierik,for,EPP,139625,6636
6821,Schneider,for,EPP,139625,6821
7045,Schmiedtbauer,for,EPP,139625,7045
6259,Sarvamaa,for,EPP,139625,6259
6370,Sander,for,EPP,139625,6370
6698,Salini,for,EPP,139625,6698
7266,Sagartz,for,EPP,139625,7266
6812,Ressler,for,EPP,139625,6812
7175,Regimenti,for,EPP,139625,7175
6072,Rangel,for,EPP,139625,6072
6750,Radtke,for,EPP,139625,6750
6488,Radev,for,EPP,139625,6488
6700,Pospíšil,for,EPP,139625,6700
7149,Pollák,for,EPP,139625,7149
6803,Polfjärd,for,EPP,139625,6803
6335,Polčák,for,EPP,139625,6335
5788,Pietikäinen,for,EPP,139625,5788
5346,Pieper,for,EPP,139625,5346
7120,Pereira Lídia,for,EPP,139625,7120
5702,Patriciello,for,EPP,139625,5702
5407,Olbrycht,for,EPP,139625,5407
6935,Ochojska,for,EPP,139625,6935
6709,Novakov,for,EPP,139625,6709
5413,Novak,for,EPP,139625,5413
7255,Nistor,for,EPP,139625,7255
6332,Niedermayer,for,EPP,139625,6332
4712,Niebler,for,EPP,139625,4712
6436,Mureşan,for,EPP,139625,6436
7036,Motreanu,for,EPP,139625,7036
6825,Mortler,for,EPP,139625,6825
6368,Morano,for,EPP,139625,6368
7099,Montserrat,for,EPP,139625,7099
6366,Monteiro de Aguiar,for,EPP,139625,6366
5518,Millán Mon,for,EPP,139625,5518
6121,Melo,for,EPP,139625,6121
7051,Meimarakis,for,EPP,139625,7051
7224,Mažylis,for,EPP,139625,7224
6483,Maydell,for,EPP,139625,6483
6096,Mato,for,EPP,139625,6096
6465,Martusciello,for,EPP,139625,6465
7284,Markey,for,EPP,139625,7284
5646,Marinescu,for,EPP,139625,5646
6761,Mandl,for,EPP,139625,6761
4964,Manders,for,EPP,139625,4964
7218,Maldeikienė,for,EPP,139625,7218
6440,McAllister,for,EPP,139625,6440
6855,Lutgen,for,EPP,139625,6855
5964,Łukacijewska,for,EPP,139625,5964
5517,López-Istúriz White,for,EPP,139625,5517
7161,López Gil,for,EPP,139625,7161
6442,Lins,for,EPP,139625,6442
3855,Liese,for,EPP,139625,3855
7264,Lexmann,for,EPP,139625,7264
5105,Lewandowski,for,EPP,139625,5105
6592,Lenaers,for,EPP,139625,6592
6793,Lega,for,EPP,139625,6793
5727,de Lange,for,EPP,139625,5727
6662,Kyrtsos,for,EPP,139625,6662
7080,Kympouropoulos,for,EPP,139625,7080
7226,Kubilius,for,EPP,139625,7226
6196,Kovatchev,for,EPP,139625,6196
6918,Kopacz,for,EPP,139625,6918
6805,Kokalari,for,EPP,139625,6805
5855,Kelly,for,EPP,139625,5855
6666,Kefalogiannis,for,EPP,139625,6666
4669,Karas,for,EPP,139625,4669
7222,Kanev,for,EPP,139625,7222
6095,Kalniete,for,EPP,139625,6095
5944,Kalinowski,for,EPP,139625,5944
7223,Juknevičienė,for,EPP,139625,7223
6910,Jarubas,for,EPP,139625,6910
5945,Jahr,for,EPP,139625,5945
5952,Hübner,for,EPP,139625,5952
4987,Hortefeux,for,EPP,139625,4987
6346,Hölvényi,for,EPP,139625,6346
5953,Hohlmeier,for,EPP,139625,5953
6534,Hetman,for,EPP,139625,6534
6811,Herbst,for,EPP,139625,6811
7035,Hava,for,EPP,139625,7035
6777,Hansen,for,EPP,139625,6777
6907,Halicki,for,EPP,139625,6907
6632,González Pons,for,EPP,139625,6632
7253,Glavak,for,EPP,139625,7253
6834,Geuking,for,EPP,139625,6834
3980,García-Margallo y Marfil,for,EPP,139625,3980
4659,Gahler,for,EPP,139625,4659
6852,Franssen,for,EPP,139625,6852
6906,Frankowski,for,EPP,139625,6906
6813,Fourlas,for,EPP,139625,6813
7108,Fitzgerald,for,EPP,139625,7108
6068,Fernandes,for,EPP,139625,6068
3833,Ferber,for,EPP,139625,3833
7038,Falcă,for,EPP,139625,7038
6928,Evren,for,EPP,139625,6928
5983,Estaràs Ferragut,for,EPP,139625,5983
5348,Ehler,for,EPP,139625,5348
6810,Düpont,for,EPP,139625,6810
6903,Duda,for,EPP,139625,6903
5960,Dorfmann,for,EPP,139625,5960
6870,Doleschal,for,EPP,139625,6870
6762,Didier,for,EPP,139625,6762
7261,De Meo,for,EPP,139625,7261
5921,Danjean,for,EPP,139625,5921
5981,van Dalen,for,EPP,139625,5981
6929,Colin-Oesterlé,for,EPP,139625,6929
6600,Clune,for,EPP,139625,6600
5236,Christoforou,for,EPP,139625,5236
5508,del Castillo Vera,for,EPP,139625,5508
5341,Caspary,for,EPP,139625,5341
5252,Casa,for,EPP,139625,5252
6039,Carvalho,for,EPP,139625,6039
7182,Caroppo,for,EPP,139625,7182
5388,Buzek,for,EPP,139625,5388
5729,Buşoi,for,EPP,139625,5729
6617,Buda,for,EPP,139625,6617
7291,Braunsberger-Reinhold,for,EPP,139625,7291
6613,Bogovič,for,EPP,139625,6613
7025,Bogdan,for,EPP,139625,7025
7026,Blaga,for,EPP,139625,7026
7155,Bilčík,for,EPP,139625,7155
7037,Bernhuber,for,EPP,139625,7037
4806,Berlusconi,for,EPP,139625,4806
6809,Berger,for,EPP,139625,6809
7162,Berendsen,for,EPP,139625,7162
6807,Bentele,for,EPP,139625,6807
7067,Benjumea Benjumea,for,EPP,139625,7067
6927,Bellamy,for,EPP,139625,6927
7060,Băsescu,for,EPP,139625,7060
7083,Asimakopoulou,for,EPP,139625,7083
6885,Arłukowicz,for,EPP,139625,6885
6594,Arimont,for,EPP,139625,6594
5980,Arias Echeverría,for,EPP,139625,5980
7129,Amaro,for,EPP,139625,7129
7219,Alexandrov Yordanov,for,EPP,139625,7219
6468,Adinolfi Isabella,for,EPP,139625,6468
6755,Ademov,for,EPP,139625,6755
6883,Adamowicz,for,EPP,139625,6883
5879,Uspaskich,for,NA,139625,5879
7241,Trócsányi,for,NA,139625,7241
6965,Tóth,for,NA,139625,6965
6471,Sonneborn,for,NA,139625,6471
7286,Schaller-Baross,for,NA,139625,7286
7177,Rondinelli,for,NA,139625,7177
7006,Rivière,for,ID,139625,7006
7148,Radačovský,for,NA,139625,7148
7257,Puigdemont i Casamajó,for,NA,139625,7257
7276,Ponsatí Obiols,for,NA,139625,7276
7020,Pirbakas,for,ID,139625,7020
7010,Pignedoli,for,NA,139625,7010
6759,Meuthen,for,ID,139625,6759
7119,Lagos,for,NA,139625,7119
6001,Kósa,for,NA,139625,6001
7123,Konstantinou,for,NA,139625,7123
5271,Járóka,for,NA,139625,5271
6318,Hidvéghi,for,NA,139625,6318
6449,Bonafè,for,S&D,139625,6449
5867,Blinkevičiūtė,for,S&D,139625,5867
6833,Bischoff,for,S&D,139625,6833
6891,Biedroń,for,S&D,139625,6891
6796,Bergkvist,for,S&D,139625,6796
5173,Beňová,for,S&D,139625,5173
6505,Benifei,for,S&D,139625,6505
7047,Benea,for,S&D,139625,7047
6889,Belka,for,S&D,139625,6889
7193,Bartolo,for,S&D,139625,7193
6831,Barley,for,S&D,139625,6831
6888,Balt,for,S&D,139625,6888
7040,Avram,for,S&D,139625,7040
6553,Arena,for,S&D,139625,6553
6977,Ara-Kovács,for,S&D,139625,6977
7254,Angel,for,S&D,139625,7254
6687,Androulakis,for,S&D,139625,6687
6279,Andrieu,for,S&D,139625,6279
7167,Ameriks,for,S&D,139625,7167
6651,Aguilera,for,S&D,139625,6651
6802,Agius Saliba,for,S&D,139625,6802
6695,Zullo,for,Renew,139625,6695
6892,Zacharopoulou,for,Renew,139625,6892
6971,Yon-Courtin,for,Renew,139625,6971
7153,Wiezik,for,EPP,139625,7153
7287,Wiesner,for,Renew,139625,7287
7268,Vázquez Lázara,for,Renew,139625,7268
6159,Verhofstadt,for,Renew,139625,6159
6896,Vedrenne,for,Renew,139625,6896
6710,Vautmans,for,Renew,139625,6710
7054,Tudorache,for,Renew,139625,7054
6985,Trillet-Lenoir,for,Renew,139625,6985
6281,Torvalds,for,Renew,139625,6281
6331,Toom,for,Renew,139625,6331
6940,Tolleret,for,Renew,139625,6940
5949,Thun und Hohenstein,for,EPP,139625,5949
7259,Søgaard-Lidell,for,Renew,139625,7259
7058,Strugariu,for,Renew,139625,7058
7055,Ştefănuță,for,Renew,139625,7055
7168,Solís Pérez,for,Renew,139625,7168
7152,Šimečka,for,Renew,139625,7152
6817,Semedo,for,Renew,139625,6817
6902,Séjourné,for,Renew,139625,6902
4767,Rodríguez Ramos,for,Renew,139625,4767
6056,Riquet,for,Renew,139625,6056
7295,Rinzema,for,Renew,139625,7295
4676,Ries,for,Renew,139625,4676
7235,Rafaela,for,Renew,139625,7235
7052,Pîslaru,for,Renew,139625,7052
6510,Petersen,for,Renew,139625,6510
6953,Pekkarinen,for,Renew,139625,6953
6644,Pagazaurtundúa,for,Renew,139625,6644
6705,Paet,for,Renew,139625,6705
6830,Oetjen,for,Renew,139625,6830
5138,Gyürk,for,NA,139625,5138
6002,Győri,for,NA,139625,6002
7243,Gyöngyösi,for,NA,139625,7243
7189,Giarrusso,for,NA,139625,7189
7179,Gemma,for,NA,139625,7179
5280,Gál,for,NA,139625,5280
7180,Furore,for,NA,139625,7180
6470,Ferrara,for,NA,139625,6470
7207,Donato,for,NA,139625,7207
5998,Deutsch,for,NA,139625,5998
6345,Deli,for,NA,139625,6345
7258,Comín i Oliveres,for,NA,139625,7258
7071,Collard,for,ID,139625,7071
6446,Castaldo,for,NA,139625,6446
6832,Buschmann,for,NA,139625,6832
6343,Bocskor,for,NA,139625,6343
6411,Beghin,for,NA,139625,6411
6882,Zimniok,for,ID,139625,6882
6414,Zanni,for,ID,139625,6414
6976,Zambelli,for,ID,139625,6976
6970,Tovaglieri,for,ID,139625,6970
7191,Tardino,for,ID,139625,7191
6968,Sardone,for,ID,139625,6968
7078,Rougé,for,ID,139625,7078
7171,Rinaldi,for,ID,139625,7171
6881,Reil,for,ID,139625,6881
6979,Panza,for,ID,139625,6979
7075,Olivier,for,ID,139625,7075
6399,Mélin,for,ID,139625,6399
7013,Mariani,for,ID,139625,7013
7002,Lizzi,for,ID,139625,7002
6880,Limmer,for,ID,139625,6880
7074,Lechanteux,for,ID,139625,7074
6372,Lebreton,for,ID,139625,6372
6990,Laporte,for,ID,139625,6990
6771,Lancini,for,ID,139625,6771
7275,Lacapelle,for,ID,139625,7275
6879,Kuhs,for,ID,139625,6879
6878,Krah,for,ID,139625,6878
6960,Kofod,for,ID,139625,6960
7016,Juvin,for,ID,139625,7016
7017,Joron,for,ID,139625,7017
6751,Jamet,for,ID,139625,6751
6404,Jalkh,for,ID,139625,6404
7019,Griset,for,ID,139625,7019
7184,Grant,for,ID,139625,7184
7018,Garraud,for,ID,139625,7018
6972,Gancia,for,ID,139625,6972
6877,Fest,for,ID,139625,6877
7005,Dreosto,for,ID,139625,7005
6999,Da Re,for,ID,139625,6999
7007,Conte,for,ID,139625,7007
6731,Ciocca,for,ID,139625,6731
7170,Ceccardi,for,ID,139625,7170
7181,Casanova,for,ID,139625,7181
6981,Campomenosi,for,ID,139625,6981
6876,Buchheit,for,ID,139625,6876
7076,Bruna,for,ID,139625,7076
7000,Borchia,for,ID,139625,7000
7172,Bonfrisco,for,ID,139625,7172
6954,Blaško,for,ID,139625,6954
6179,Bizzotto,for,ID,139625,6179
6405,Bilde,for,ID,139625,6405
7068,Beigneux,for,ID,139625,7068
6874,Beck,for,ID,139625,6874
6394,Bay,for,ID,139625,6394
7001,Basso,for,ID,139625,7001
6988,Bardella,for,ID,139625,6988
7174,Baldassarre,for,ID,139625,7174
7079,Androuët,for,ID,139625,7079
6872,Anderson,for,ID,139625,6872
7211,Adinolfi Matteo,for,ID,139625,7211
6522,Złotowski,for,ECR,139625,6522
5598,Zīle,for,ECR,139625,5598
6962,Zalewska,for,ECR,139625,6962
5052,Zahradil,for,ECR,139625,5052
6515,Wiśniewska,for,ECR,139625,6515
6808,Weimers,for,ECR,139625,6808
6956,Waszczykowski,for,ECR,139625,6956
6945,Vrecionová,for,ECR,139625,6945
6930,Vondra,for,ECR,139625,6930
6683,Van Overtveldt,for,ECR,139625,6683
5892,Tošenovský,for,ECR,139625,5892
5878,Tomaševski,for,ECR,139625,5878
6952,Tobiszowski,for,ECR,139625,6952
7044,Terheş,for,ECR,139625,7044
7265,Tarczyński,for,ECR,139625,7265
6946,Szydło,for,ECR,139625,6946
6798,Stegrud,for,ECR,139625,6798
7210,Stancanelli,for,ECR,139625,7210
7262,Sofo,for,ECR,139625,7262
7231,Slabakov,for,ECR,139625,7231
5416,Saryusz-Wolski,for,ECR,139625,5416
6938,Rzońca,for,ECR,139625,6938
7157,Ruissen,for,ECR,139625,7157
6937,Rafalska,for,ECR,139625,6937
7205,Procaccini,for,ECR,139625,7205
5974,Poręba,for,ECR,139625,5974
6934,Możdżanowska,for,ECR,139625,6934
7209,Milazzo,for,ECR,139625,7209
7173,Melbārde,for,ECR,139625,7173
6931,Mazurek,for,ECR,139625,6931
6608,Lundgren,for,ECR,139625,6608
5969,Legutko,for,ECR,139625,5969
5507,Kuźmiuk,for,ECR,139625,5507
6925,Kruk,for,ECR,139625,6925
6530,Krasnodębski,for,ECR,139625,6530
6923,Kopcińska,for,ECR,139625,6923
6913,Kloc,for,ECR,139625,6913
6912,Kempa,for,ECR,139625,6912
6525,Karski,for,ECR,139625,6525
6866,Kanko,for,ECR,139625,6866
6911,Jurgiel,for,ECR,139625,6911
6909,Jaki,for,ECR,139625,6909
7290,Ilčić,for,ECR,139625,7290
7250,Fragkos,for,ECR,139625,7250
5472,Fotyga,for,ECR,139625,5472
4880,Fitto,for,ECR,139625,4880
6998,Fiocchi,for,ECR,139625,6998
5982,Fidanza,for,ECR,139625,5982
6511,Dzhambazki,for,ECR,139625,6511
5490,Czarnecki,for,ECR,139625,5490
6895,Brudziński,for,ECR,139625,6895
6864,Bourgeois,for,ECR,139625,6864
5112,Bielan,for,ECR,139625,5112
4978,Berlato,for,ECR,139625,4978
6875,Berg,for,ECR,139625,6875