mepid,intent,result,identifier
6731,against,for,134872